1_0,0:1.0 1.0 0.0 0.0 0.0 0.0 0.0 0.0 0.0 0.0
1_1,1:1.0 1.0 0.0 0.0 0.0 0.0 0.0 0.0 0.0 0.0
1_2,2:0.0 0.0 1.0 0.0 0.0 0.0 0.0 0.0 0.0 0.0
1_3,3:1.0 0.0 0.0 0.0 0.0 0.0 0.0 0.0 0.0 0.0
1_4,4:1.0 1.0 0.0 0.0 0.0 0.0 0.0 0.0 0.0 0.0
1_5,5:1.0 1.0 0.0 0.0 0.0 0.0 0.0 0.0 0.0 0.0
16_0,0:1.0 0.0 0.0 0.0 0.0 0.0 0.0 0.0 0.0 0.0
16_1,1:0.0 1.0 0.0 0.0 0.0 0.0 0.0 0.0 0.0 0.0
16_2,2:0.0 0.0 1.0 0.0 0.0 0.0 0.0 0.0 0.0 0.0
16_3,3:0.0 0.0 0.0 1.0 0.0 0.0 0.0 0.0 0.0 0.0
16_4,4:0.0 0.0 0.0 0.0 0.0 0.0 0.0 0.0 0.0 0.0
16_5,5:0.0 0.0 0.0 0.0 0.0 0.0 0.0 0.0 0.0 0.0